1 52 59 77 61 54 63 67 57 58
2 35 50 59 52 37 55 54 46 48
3 28 36 50 35 30 44 37 32 34
4 17 31 36 28 22 33 30 24 26
5 12 27 31 17 15 29 22 14 16
6 5 23 27 12 11 25 15 9 13
7 3 20 23 5 8 21 11 4 10
8 1 18 20 3 6 19 8 2 7
9 59 83 91 77 75 84 82 63 79
10 50 80 83 59 60 81 75 55 62
11 36 76 80 50 53 78 60 44 56
12 31 71 76 36 49 74 53 33 51
13 27 65 71 31 45 68 49 29 47
14 23 66 65 27 42 64 45 25 43
15 20 70 66 23 40 69 42 21 41
16 18 73 70 20 38 72 40 19 39
17 83 112 115 91 100 113 102 84 101
18 80 108 112 83 95 110 100 81 98
19 76 104 108 80 90 106 95 78 93
20 71 105 104 76 86 103 90 74 88
21 65 109 105 71 87 107 86 68 85
22 66 114 109 65 92 111 87 64 89
23 70 117 114 66 96 116 92 69 94
24 73 119 117 70 99 118 96 72 97
25 112 138 135 115 123 136 126 113 125
26 108 140 138 112 120 139 123 110 122
27 104 143 140 108 124 141 120 106 121
28 105 145 143 104 128 144 124 103 127
29 109 147 145 105 130 146 128 107 129
30 114 151 147 109 132 148 130 111 131
31 117 157 151 114 134 154 132 116 133
32 119 163 157 117 142 159 134 118 137
33 138 167 162 135 152 165 149 136 150
34 140 170 167 138 155 168 152 139 153
35 143 175 170 140 158 172 155 141 156
36 145 179 175 143 161 176 158 144 160
37 147 184 179 145 166 182 161 146 164
38 151 192 184 147 171 188 166 148 169
39 157 198 192 151 178 195 171 154 174
40 163 205 198 157 185 202 178 159 181
41 167 193 187 162 180 190 173 165 177
42 170 199 193 167 186 196 180 168 183
43 175 204 199 170 191 201 186 172 189
44 179 209 204 175 197 207 191 176 194
45 184 213 209 179 203 211 197 182 200
46 192 217 213 184 208 215 203 188 206
47 198 219 217 192 212 218 208 195 210
48 205 221 219 198 216 220 212 202 214