    1             200               0               0
    2          193.75               0               0
    3           187.5               0               0
    4          181.25               0               0
    5             175               0               0
    6       198.28883      26.1051858               0
    7      192.147208      25.8598322               0
    8      185.983626      25.3863093               0
    9          168.75               0               0
   10      179.801221      24.7172128               0
   11       173.60313      23.8851382               0
   12           162.5               0               0
   13      167.392491      22.9226813               0
   14          156.25               0               0
   15       161.17244      21.8624376               0
   16      154.946115      20.7370026               0
   17             150               0               0
   18      193.184914      51.7636908               0
   19      187.345546      51.1006649               0
   20      181.427117       50.055808               0
   21       175.44092      48.6836672               0
   22      148.716653       19.578972               0
   23      169.398251      47.0387898               0
   24          143.75               0               0
   25      163.310404      45.1757233               0
   26      142.487191      18.4209415               0
   27      157.188674      43.1490148               0
   28           137.5               0               0
   29      151.044354      41.0132118               0
   30      136.260866      17.2955065               0
   31       144.88874      38.8228614               0
   32          131.25               0               0
   33      138.733126       36.632511               0
   34      130.040816      16.2352628               0
   35             125               0               0
   36      132.588806       34.496708               0
   37      123.830176      15.2728058               0
   38      184.775581      76.5364975               0
   39         179.398      75.3198005               0
   40      173.861761      73.6330813               0
   41      168.189528       71.543486               0
   42      162.403967      69.1181605               0
   43      156.527743      66.4242509               0
   44      126.467076      32.4699995               0
   45      150.583523      63.5289033               0
   46          118.75               0               0
   47      144.593972      60.4992636               0
   48      117.632086      14.4407313               0
   49      138.581756      57.4024779               0
   50      120.379228       30.606933               0
   51      132.569539      54.3056922               0
   52           112.5               0               0
   53      126.579988      51.2760525               0
   54      111.449681      13.7716348               0
   55      114.336559      28.9620556               0
   56      120.635768      48.3807049               0
   57          106.25               0               0
   58      105.286099      13.2981119               0
   59      108.350363      27.5899148               0
   60      114.759545      45.6867954               0
   61             100               0               0
   62      108.973984      43.2614699               0
   63      102.431934      26.5450579               0
   64      147.118565      86.3466964               0
   65      141.439462       82.683944               0
   66      152.691081      89.7943389               0
   67       99.144477      13.0527582               0
   68      135.689302      78.8777849               0
   69      158.121483      92.9551681               0
   70      163.374242      95.7574808               0
   71      129.903614      74.9999225               0
   72      168.413829      98.1295735               0
   73      173.204715       99.999743               0
   74      124.117926      71.1220601               0
   75      103.301751      41.1718746               0
   76      118.367766       67.315901               0
   77      96.5925658       25.882032               0
   78      112.688663      63.6531486               0
   79      97.7655111      39.4851554               0
   80      107.116147      60.2055061               0
   81      101.685745      57.0446769               0
   82      92.3879304      38.2684584               0
   83      96.4329863      54.2423643               0
   84      91.3933994      51.8702715               0
   85      124.467613      95.8494081               0
   86      119.002799      91.3141011               0
   87      129.884201      100.315137               0
   88      113.537984       86.778794               0
   89      135.204337      104.641709               0
   90      108.121396      82.3130654               0
   91       86.602513       50.000102               0
   92      140.379793      108.759545               0
   93      102.801261      77.9864936               0
   94      145.362343      112.599068               0
   95      97.6258048       73.868657               0
   96       150.10376      116.090699               0
   97      154.555819      119.164859               0
   98      92.6432547      70.0291341               0
   99      158.670293      121.751971               0
  100      87.9018369      66.5375032               0
  101      83.4497779      63.4633429               0
  102       79.335304      60.8762314               0
  103       101.02538      100.993364               0
  104      96.0440836      95.9830531               0
  105      106.065824      106.065876               0
  106      91.1810819      91.0971467               0
  107      111.106267      111.138389               0
  108       86.495522      86.3978467               0
  109      116.087564        116.1487               0
  110      82.0465513      81.9473552               0
  111      120.950565      121.034606               0
  112      77.8933171      77.8078743               0
  113      74.0949666      74.0416062               0
  114      125.636125      125.733906               0
  115      70.7106472      70.7107528               0
  116      130.085096      130.184398               0
  117       134.23833      134.323878               0
  118      138.036681      138.090147               0
  119         141.421         141.421               0
  120      73.9603669      97.5340716               0
  121      78.0653017      102.722431               0
  122      70.1222709      92.5500928               0
  123      66.6177235      87.8215903               0
  124      82.3703655      108.064077               0
  125      63.5134342      83.3996592               0
  126      60.8761129      79.3353949               0
  127      86.8088488      113.507913               0
  128      91.3140418      119.002844               0
  129      95.8192348      124.497775               0
  130      100.257718      129.941611               0
  131      104.562782      135.283257               0
  132      108.667717      140.471617               0
  133      112.505813      145.455595               0
  134       116.01036      150.184098               0
  135      49.9999727      86.6025877               0
  136      51.9113007      91.3523162               0
  137      119.114649      154.606029               0
  138      54.3080918      96.3672064               0
  139       57.120994      101.609378               0
  140      60.2806556      107.040951               0
  141      63.7177246      112.624045               0
  142      121.751971      158.670293               0
  143      67.3628493       118.32078               0
  144      71.1466776      124.093276               0
  145      74.9998578      129.903651               0
  146       78.853038      135.714027               0
  147      82.6368664      141.486523               0
  148       86.281991      147.183257               0
  149      38.2683203      92.3879875               0
  150      39.5133725       97.737214               0
  151        89.71906      152.766352               0
  152      41.2171083       103.25644               0
  153      43.3140013      108.921379               0
  154      92.8787216      158.197925               0
  155      45.7385255      114.707747               0
  156      48.4251546      120.591256               0
  157      95.6916239      163.440096               0
  158      51.3083623      126.547623               0
  159      98.0884149      168.454987               0
  160      54.3226225      132.552561               0
  161      57.4024089      138.581784               0
  162      25.8818877      96.5926045               0
  163       99.999743      173.204715               0
  164      60.4821953      144.611008               0
  165       26.559766      102.417121               0
  166      63.4964555      150.615946               0
  167       27.613538      108.326639               0
  168      28.9895047      114.309015               0
  169      66.3796632      156.572312               0
  170      30.6339669      120.352105               0
  171      69.0662923      162.455822               0
  172      32.4932256      126.443768               0
  173      13.0526101      99.1444965               0
  174      71.4908165       168.24219               0
  175      34.5135816       132.57186               0
  176      36.6413359      138.724238               0
  177      13.3021931      105.281891               0
  178      73.5877096      173.907129               0
  179      38.8227892      144.888759               0
  180      13.7782573      111.442935               0
  181      75.2914453      179.426355               0
  182      41.0042426       151.05328               0
  183      14.4484482      117.624252               0
  184      43.1319969      157.205658               0
  185      76.5364975      184.775581               0
  186      15.2804115      123.822462               0
  187               0             100               0
  188      45.1523529       163.33375               0
  189      16.2417925      130.034187               0
  190               0          106.25               0
  191      17.3002369      136.256048               0
  192      47.0116116      169.425413               0
  193               0           112.5               0
  194      18.4233902      142.484666               0
  195      48.6560738      175.468504               0
  196               0          118.75               0
  197       19.578898      148.716663               0
  198      50.0320405       181.45088               0
  199               0             125               0
  200      20.7344057       154.94866               0
  201               0          131.25               0
  202      51.0858125      187.360397               0
  203       21.857559      161.177278               0
  204               0           137.5               0
  205      51.7636908      193.184914               0
  206      22.9160034      167.399139               0
  207               0          143.75               0
  208      23.8773845      173.610864               0
  209               0             150               0
  210      24.7093477      179.809074               0
  211               0          156.25               0
  212      25.3795386      185.990391               0
  213               0           162.5               0
  214      25.8556028      192.151436               0
  215               0          168.75               0
  216      26.1051858       198.28883               0
  217               0             175               0
  218               0          181.25               0
  219               0           187.5               0
  220               0          193.75               0
  221               0             200               0